
14 536870912 7294267
TBTTTBTBBTBTTB
18117915 312804782 84219299 233028409 448338901 181877816 126634702 134485390
194666519 460303184 243542301 204164157 162630997 158095894 88104116 140550814
483879085 354682328 362431819 395327101 193475145 358578456 251542076 113681900
344811733 258870962 244267469 376464039 311181181 28678336 319768774 329299096
341483119 403988072 25456593 252951107 48994979 152091294 387436498 243661496
75523569 94107886 447825653 238154565 252203783 535929768 378705380 199211954
353741187 204266286 57668143 10345419 25973831 309210220 124027318 370785562
396973125 530147464 134819636 201585330 31210271 368294786 210378691 342391453
397264627 160276228 454536439 446259605 312367523 305102024 153050188 387891090
399209911 64004928 89174745 114542781 63063785 467880124 313754734 416804970
135275499 371422878 427150391 161249329 143762187 14306796 532034890 174972456
382601585 205542668 517363909 242703797 198819223 115312632 444289126 59212936
275588861 361954652 505472541 51085473 130185765 121651816 438976562 529395676
536870911 0 536870911 268435456 536870911 0 268435455 0


2 2 0
TT
1 0 0 0 0 0 0 1
0 1 1 1 0 0 1 0