12 3
1 5 2
5 6 1
6 8 1
8 11 2
8 9 2
11 12 1
8 10 1
6 7 1
1 2 1
2 3 1
2 4 1
1 12 1 200
2 4 1
1 12 1 200
10 5
1 2 1
1 3 1
1 4 1
2 5 1
2 6 1
3 7 1
3 8 1
4 9 1
4 10 1
1 7 5 10

6 5
1 2 3
2 3 3
3 4 3
4 5 3
5 6 3
1 1 6 1555555
1 2 6 1151115
2 1 2
1 1 6 1555555
1 1 2 155151515

6 6
1 2 1
1 3 7
1 4 4
2 5 5
2 6 2
1 4 6 17
2 3 2
1 4 6 17
1 5 5 20
2 4 1
1 5 1 3


2 1
1 2 1000000000000000000
1 2 1 1000000000000000000

2 1
1 2 1
1 2 1 1000000000000000000

5 4
1 2 7
1 3 3
3 4 2
3 5 5
1 4 2 100
1 5 4 1
2 2 2
1 1 3 4

6 6
1 2 1
1 3 7
1 4 4
2 5 5
2 6 2
1 4 6 17
2 3 2
1 4 6 17
1 5 5 20
2 4 1
1 5 1 3

8 10
1 2 1
2 3 1
3 4 1
4 5 1
2 6 2
6 7 1
7 8 1