Time elapsed: 1.091443
1
177
92
1
177
92
1
177
92
1
177
92
1
177
92
1
177
92
1
177
92
1
177
92
1
177
92
1
177
92
1
177
92
1
177
92
1
177
92
1
177
92
1
177
92
1
177
92
1
177
92
1
177
92
1
177
92
1
177
92
1
177
92
1
177
92
1
177
92
1
177
92
1
177
92
1
177
92
1
177
92
1
177
92
1
177
92
1
177
92
1
177
92
1
177
92
1
177
92
1
177
92
1
177
92
1
177
92
1
177
92
1
177
92
1
177
92
1
177
92
1
177
92
1
177
92
1
177
92
1
177
92
1
177
92
1
177
92
1
177
92
1
177
92
1
177
92
1
177
92
1
177
92
1
177
92
1
177
92
1
177
92
1
177
92
1
177
92
1
177
92
1
177
92
1
177
92
1
177
92
1
177
92
1
177
92
1
177
92
1
177
92
1
177
92
1
177
92
1
177
92
1
177
92
1
177
92
1
177
92
1
177
92
1
177
92
1
177
92
1
177
92
1
177
92
1
177
92
1
177
92
1
177
92
1
177
92
1
177
92
1
177
92
1
177
92
1
177
92
1
177
92
1
177
92
1
177
92
1
177
92
1
177
92
1
177
92
1
177
92
1
177
92
1
177
92
1
177
92
1
177
92
1
177
92
1
177
92
1
177
92
1
177
92
1
177
92
1
177
92
1
177
92
1
177
92
1
177
92
1
177
92
1
177
92
1
177
92
1
177
92
1
177
92
1
177
92
1
177
92
1
177
92
1
177
92
1
177
92
1
177
92
1
177
92
1
177
92
1
177
92
1
177
92
1
177
92
1
177
92
1
177
92
1
177
92
1
177
92
1
177
92
1
177
92
1
177
92
1
177
92
1
177
92
1
177
92
1
177
92
1
177
92
1
177
92
1
177
92
1
177
92
1
177
92
1
177
92
1
177
92
1
177
92
1
177
92
1
177
92
1
177
92
1
177
92
1
177
92
1
177
92
1
177
92
1
177
92
1
177
92
1
162
177
1
17
77
1
162
177
1
115
9
93
1
194
91
101
1
17
77
1
17
77
1
162
177
1
162
177
1
177
92
1
177
92
1
2
103
1
128
41
1
128
41
1
6
153
1
80
115
1
177
92
1
194
91
101
1
177
92
1
162
177
1
8
31
1
162
177
1
177
92
1
8
51
1
177
92
1
6
153
1
8
31
1
29
152
1
80
115
1
194
91
101
1
132
169
1
17
77
1
15
126
1
45
178
1
177
92
1
104
100
1
134
195
1
29
152
1
8
31
1
8
51
1
73
7
101
1
8
51
1
15
126
1
132
14
1
119
65
1
186
139
1
26
103
1
116
151
1
45
178
1
53
125
1
Checker: OK
